601
M0_CJSI	F0_CJSI	Y0_Male	Y0_Age	Y0_DB_Gen-Del	Y0_DB_SnJ	Y0_ARREST	Y0_PD_Depres	Y0_PD_Suspic	Y0_PD_Cog-Perc-Dys	Y0_PD_Impul	Y0_PD_Eccentr	Y0_PD_Odd-Bel-Exp	Y0_PD_Hostility	Y0_PD_Sep-Insec	Y0_PD_Withdr	Y0_AU_Freq	Y0_AU_Drinks	Y0_AU_4Drinks	Y0_AU_Drunk	Y0_IMP_Home	Y0_IMP_Parents	Y0_IMP_Depr-Anx	Y0_IMP_Behavior	Y0_IMP_Activities	Y0_IMP_Par-Worry	Y0_IMP_Help	Y0_SAD	Y0_PD	Y0_AGOR	Y0_GAD	Y0_PTSD	Y0_MDD	Y0_CD	Y1_Age	Y1_ARREST	Y1_DB_Alone	Y1_DB_Group	Y1_DB_Alone_Group	Y1_PD_Susp-Eccentr	Y1_PD_Depres	Y1_PD_Odd-Bel-Exp	Y1_PD_Hostility	Y1_PD_Impul	Y1_PD_Withdr	Y1_PD_Perc-Dys_Sep-Ins	Y1_IMP_Home	Y1_IMP_Activities	Y1_IMP_Behavior	Y1_IMP_Depr-Anx	Y1_IMP_Par-Worry	Y1_IMP_Help	Y1_SAD	Y1_PD	Y1_AGOR	Y1_GAD	Y1_PTSD	Y1_MDD	Y1_CD	Y1_ODD	Y1_AUD	Y1_MUD	Y1_ND
0.2095
-0.0725	0.1842
0.0067	-0.0049	0.2502
-0.0402	-0.0152	-0.0603	3.4346
0.0366	-0.0127	0.0295	0.4205	1.1004
0.0286	-0.0063	0.0357	0.8081	0.9902	1.7334
0.0169	-0.0060	0.0047	0.0602	0.0676	0.0576	0.0369
-0.0006	0.0149	-0.0435	-0.0081	0.3242	0.3495	0.0085	1.2223
0.1558	0.0488	-0.2640	1.0933	1.1547	1.4686	0.0460	1.0066	12.8056
0.0840	-0.0122	-0.0011	-0.4241	0.6004	0.5503	0.0022	0.8735	4.4404	6.0678
0.0971	0.0463	0.0109	0.7623	0.7323	0.8744	0.0224	0.5139	3.9877	1.8772	5.7788
0.1016	0.0162	-0.0443	-0.1610	0.9122	0.9924	0.0199	1.1923	6.0159	4.4472	2.3675	9.2219
0.0768	-0.0290	0.0204	-0.1491	0.5336	0.4882	0.0181	0.4169	2.5002	2.4695	0.8191	3.0366	4.3036
0.0374	0.0486	-0.0978	0.1023	0.7156	0.7888	0.0183	1.0802	5.9253	3.8726	3.0226	5.2578	2.0861	7.7492
0.0530	0.0311	-0.1262	-0.4144	0.1914	0.0069	0.0037	0.2469	2.3094	1.1434	1.1569	1.7300	0.7131	1.7918	3.0183
-0.0035	0.0084	0.1152	-0.3907	-0.0667	-0.1073	-0.0018	-0.0890	-1.3012	-0.2993	-0.4605	-0.4055	-0.4143	-0.6449	-0.2625	2.3501
0.0168	0.0007	-0.0252	0.3891	0.3122	0.4505	0.0365	0.1401	0.3379	0.0860	0.1847	0.1819	0.0665	0.2883	0.0352	-0.1104	0.4869
0.0316	-0.0290	-0.0246	0.4722	0.3423	0.4619	0.0299	0.2131	0.4730	0.1813	0.1545	0.3587	0.1122	0.4606	-0.0114	-0.1327	0.4980	0.8074
0.0216	-0.0073	-0.0297	0.2202	0.2137	0.3138	0.0230	0.0853	0.0562	0.0060	0.0573	0.1079	0.0066	0.1922	-0.0575	-0.0531	0.3338	0.4199	0.4871
0.0108	-0.0070	-0.0240	0.2753	0.1545	0.2168	0.0133	0.1065	0.1524	-0.0510	-0.0144	0.1069	0.0169	0.2486	-0.0041	-0.0239	0.2690	0.4137	0.2849	0.4844
0.0154	-0.0362	-0.1824	0.0658	0.9245	1.1877	0.0620	0.8466	3.7577	2.4839	2.6665	3.1039	0.6864	3.3610	0.8197	0.3792	0.3112	0.2530	0.1830	0.1190	10.9969
0.0737	-0.0576	-0.0719	0.3443	0.5025	0.6870	0.0353	0.4968	1.6650	0.9324	1.0192	1.0536	0.5067	1.4188	0.0493	0.2620	0.2275	0.2906	0.1891	0.1253	3.4970	3.6979
0.0539	0.0083	-0.1368	-0.3401	0.4086	0.4999	-0.0225	0.5256	2.7907	1.4208	1.1917	2.2024	0.9948	2.0226	0.9238	-0.1122	0.0421	0.0227	0.0096	-0.0261	2.8783	1.2477	4.3179
0.0517	0.0189	0.0744	0.0566	0.5058	0.5589	0.0547	0.3843	2.0927	1.3283	2.1199	1.3835	0.4768	2.0206	0.5365	0.0419	0.0735	0.0810	0.0112	0.0521	2.8203	0.9986	1.4606	4.3853
0.0207	-0.0045	-0.0656	-0.2061	0.4910	0.5499	0.0156	0.6948	1.9608	1.5309	0.9884	1.7262	0.7620	1.5720	0.6592	0.5468	0.1384	0.2011	0.1270	0.0947	3.9236	1.9922	1.9087	1.3015	5.1236
0.0249	0.0053	-0.0143	-0.1411	-0.0650	-0.1192	-0.0031	-0.0304	0.1641	-0.0396	0.1165	-0.0062	-0.0073	0.1061	0.1289	-0.1518	-0.0895	-0.0398	-0.0478	-0.0516	-0.1898	-0.2476	0.0708	0.1498	-0.1223	1.2618
0.0592	-0.0307	0.0104	-0.1953	0.0728	0.0710	-0.0070	0.2670	0.7165	0.6385	0.3307	0.7464	0.3609	0.6825	0.3487	0.1363	0.0085	0.0119	0.0194	0.0426	0.7755	0.2529	0.6847	0.5190	0.5853	0.0183	1.4760
0.1286	-0.0114	-0.0894	-0.8181	0.1378	0.0759	0.0175	0.3299	1.6544	1.4072	0.7137	1.5481	0.7467	1.3899	1.0917	-0.0545	-0.0537	-0.0616	-0.0267	-0.0516	1.0231	0.1601	0.9949	0.6949	0.5682	0.1479	0.4021	3.4714
0.0002	-0.0010	-0.0129	0.0130	0.1038	0.1188	0.0013	0.1450	0.4623	0.2737	0.1530	0.3925	0.1649	0.3530	0.1673	-0.0459	0.0436	0.0668	0.0325	0.0130	0.2482	0.1578	0.2107	0.1473	0.2046	0.0214	0.0900	0.3148	0.2028
-0.0018	0.0005	-0.0357	-0.1328	0.0019	-0.0012	-0.0094	0.0419	0.3544	0.2629	0.1052	0.2955	0.1090	0.3084	0.2793	-0.0618	-0.0036	-0.0096	-0.0187	-0.0094	0.1957	0.0433	0.2672	0.0478	0.1085	0.0209	0.1131	0.3541	0.0718	0.3047
0.0080	-0.0095	-0.0999	-0.0205	0.1928	0.2441	-0.0113	0.4558	1.9348	1.2656	0.7907	1.5999	0.5873	1.2437	0.5142	-0.0922	0.0234	0.0167	-0.0514	-0.0900	1.1911	0.5808	1.1351	0.4739	0.7219	0.0962	0.3280	1.5931	0.2715	0.3087	2.8438
0.0291	-0.0011	0.0236	0.0722	0.2538	0.2825	0.0309	0.1646	0.9816	0.9733	0.6150	1.0056	0.4539	0.9953	0.1723	-0.1253	0.0902	0.0650	0.0013	-0.0021	0.6040	0.3627	0.4596	0.2654	0.1726	0.1232	0.0855	0.7709	0.0981	0.2131	0.6862	2.5752
0.0539	-0.0151	-0.0440	0.5326	0.8200	1.0481	0.0166	0.9448	4.2970	2.6457	2.2610	3.8404	1.3701	3.2426	1.0142	-0.1393	0.2299	0.3748	0.2170	0.1660	3.1437	1.6743	2.1693	1.3679	1.5249	0.0302	0.5975	2.3288	0.5292	0.4811	2.8138	1.2953	8.9804
0.0659	0.0008	0.0538	0.6402	0.6679	0.8528	0.0796	0.1358	0.9643	0.2830	0.8267	0.5084	0.3513	0.6768	0.0697	-0.0311	0.2707	0.2868	0.2170	0.1638	0.8163	0.5540	0.1709	0.7293	0.3996	0.0068	0.0441	0.1648	0.0829	-0.0110	0.2164	0.2934	0.9828	1.4205
0.0243	0.0255	-0.1123	3.4974	0.5129	0.9464	0.0611	0.0298	1.3513	-0.3061	0.8395	-0.0755	-0.2578	0.1641	-0.3284	-0.4657	0.4373	0.4871	0.2274	0.3160	0.2211	0.4193	-0.2758	0.2067	-0.2275	-0.2038	-0.2652	-0.6272	0.0596	-0.1087	0.1202	0.1717	0.8301	0.7850	4.4178
0.0194	0.0027	0.0071	0.1038	0.0811	0.0904	0.0198	0.0002	0.0906	0.0037	0.0992	0.0284	0.0029	0.0613	0.0193	0.0001	0.0362	0.0292	0.0255	0.0130	0.0689	0.0239	-0.0351	0.1030	0.0003	-0.0079	-0.0224	0.0455	0.0073	-0.0051	0.0276	0.0423	0.1293	0.1439	0.1630	0.0833
0.0162	0.0051	0.0369	0.1477	0.2423	0.2811	0.0203	0.0598	0.4301	0.2162	0.2854	0.2791	0.0800	0.3479	0.0923	0.0220	0.0868	0.0867	0.0396	0.0617	0.3892	0.1340	0.1255	0.3074	0.2250	-0.0081	0.0331	0.1514	0.0321	0.0113	0.1161	0.0969	0.2721	0.2201	0.2338	0.0685	0.3459
0.0180	0.0211	0.0221	0.1390	0.1914	0.2669	0.0220	0.0236	0.2094	0.1817	0.2603	0.2517	0.0431	0.2301	0.0150	0.0409	0.1002	0.0569	0.0975	0.0326	0.3380	0.1476	0.0521	0.1865	0.1725	-0.0361	0.0487	0.1001	0.0273	0.0010	0.0650	0.0990	0.2629	0.2318	0.2149	0.0743	0.1306	0.3383
0.0027	0.0034	0.0169	0.0874	0.1494	0.1614	0.0038	0.0026	0.1579	0.0714	0.1407	0.0863	0.0503	0.0658	0.0477	0.0019	0.0249	0.0236	0.0262	0.0085	0.1309	0.0145	0.0418	0.0899	0.0707	0.0011	0.0074	0.0056	0.0191	-0.0123	-0.0004	0.0297	0.0969	0.1123	0.1036	0.0248	0.0594	0.0877	0.1394
0.2891	0.0860	-0.3764	-0.0610	1.2229	1.3082	0.0812	1.5320	8.8675	4.8067	3.6989	6.6794	3.5973	5.6336	2.1114	-0.5975	0.2124	0.4228	0.0398	0.0773	4.6588	1.4303	3.7545	2.5917	2.8353	0.1645	0.9494	3.0954	0.5301	0.3020	2.4742	1.0146	5.7627	0.7656	0.5516	0.2035	0.8444	0.5598	0.2966	33.3936
0.0237	0.0305	-0.0507	-0.0738	0.0948	0.0691	-0.0044	0.3277	0.4096	0.4592	0.2703	0.7031	0.3453	0.5610	0.1790	-0.0304	0.0554	0.0406	-0.0026	0.0061	0.4336	0.1952	0.2281	0.1917	0.0827	-0.0552	0.1564	0.2156	0.0651	0.0573	0.2125	0.1110	0.4345	0.0811	0.0758	0.0226	0.0414	0.1140	0.0233	1.5318	1.0051
0.1075	0.0562	0.0890	-0.1802	0.4660	0.3948	0.0297	0.3712	1.4110	1.4311	0.8437	1.7596	1.3886	0.9780	0.3085	0.2519	0.1025	0.1432	0.0258	0.0208	0.7631	0.1092	0.5677	0.2732	0.4705	0.1169	0.2655	0.7494	0.1231	0.0014	0.3862	0.3178	0.9588	0.2053	-0.1694	0.0301	0.2305	0.1635	0.1500	6.0010	0.3872	4.5269
0.0954	0.0056	-0.1405	0.0108	0.4643	0.3949	0.0270	0.4709	2.3839	1.3015	1.2362	1.7737	0.8824	2.2782	0.7295	-0.2086	0.1185	0.1676	0.0577	0.0772	1.2695	0.5233	1.1963	0.8861	0.9804	0.0504	0.4317	0.9212	0.1747	0.0782	0.5593	0.2738	1.4554	0.4612	0.2785	0.0864	0.3600	0.2362	0.1602	7.9971	0.5277	1.8228	4.7672
0.2204	-0.0384	-0.0985	0.3410	0.7663	0.8570	0.0683	0.5012	4.5751	2.0158	2.9901	2.6267	0.9823	2.8821	1.1670	-0.4050	0.1390	0.2592	0.0132	0.0454	2.7308	0.9241	1.7343	2.2807	1.3191	0.0910	0.4261	1.3111	0.2556	0.1395	0.8545	0.4351	2.7541	0.7177	0.8192	0.1669	0.5412	0.3970	0.2064	11.6753	0.6385	2.3136	3.9116	11.5331
-0.0400	0.0553	0.0906	-0.0782	-0.0420	-0.0623	-0.0017	-0.0298	-0.6594	-0.0515	-0.2356	-0.2570	-0.1646	-0.2739	-0.3687	0.7528	-0.0337	-0.0391	0.0245	0.0463	0.1851	0.3076	-0.1756	0.0167	0.2103	-0.1695	0.0741	-0.0488	-0.0254	-0.0707	-0.1477	-0.0688	0.2656	0.0156	-0.0351	0.0150	0.0248	0.0013	-0.0397	-1.1868	0.0616	-0.3689	-0.3478	-0.6983	2.3807
0.1403	-0.0331	-0.0528	-0.6132	0.2757	0.2043	0.0045	0.4696	2.1910	1.8763	0.9319	1.9017	1.1228	1.8149	1.2082	-0.1141	-0.0326	0.0031	-0.0215	-0.0443	1.4185	0.2806	1.1617	0.7428	0.8655	0.0251	0.5340	1.1962	0.1391	0.1846	0.6481	0.5447	1.3250	0.0636	-0.6463	-0.0150	0.1325	0.0265	0.0995	6.5680	0.3215	2.1025	2.1553	3.2788	-0.4579	4.7887
0.0536	0.0125	-0.2633	0.5703	0.6825	0.8314	0.0435	0.3894	2.6371	1.3881	2.0570	2.0897	0.6108	2.1155	0.3085	0.0738	0.3104	0.2929	0.3227	0.2581	3.9213	2.3366	1.4855	1.6189	1.6891	-0.0711	0.4359	1.0065	0.2494	0.0090	0.7428	0.2982	2.3788	0.8754	0.9319	0.1057	0.3360	0.4435	0.0865	6.1928	0.8064	1.1611	2.3514	4.2575	0.2037	1.3531	12.8320
0.1543	0.0183	-0.2217	0.5058	0.6238	0.6641	0.0748	0.3589	2.8985	1.6473	1.6396	1.8877	0.6620	1.8252	0.4334	0.1724	0.0789	-0.0556	0.2778	-0.0161	3.7142	1.2823	1.7886	1.5214	2.1493	-0.1252	0.6891	0.9637	0.1723	0.0810	0.4821	-0.0420	1.6297	0.7136	0.7477	0.1317	0.2380	0.3334	0.1171	6.7882	0.5891	1.1307	2.6641	4.1502	0.3832	1.9675	7.5797	13.2797
0.1034	0.0129	0.0741	-0.0952	0.4754	0.3485	0.0400	0.1856	1.3532	0.9290	1.4743	0.8039	0.2119	1.1800	0.4223	0.0433	-0.0136	-0.0072	0.0124	-0.0145	1.6906	0.3378	0.6726	1.5691	0.7012	0.0759	0.3463	0.5657	0.1023	0.0048	0.2203	0.0790	0.7968	0.5928	-0.0706	0.1025	0.3428	0.2873	0.1120	3.3885	0.2326	0.7091	1.6901	3.0792	-0.0394	0.8877	2.6678	3.3019	4.1933
0.0608	0.0144	-0.1795	-0.2280	0.1508	0.1123	-0.0357	0.3369	1.9835	1.1540	0.9298	1.4401	0.4527	1.1975	0.7119	-0.1473	-0.0011	-0.0068	0.0268	-0.0050	1.5264	0.7052	1.4461	0.7762	0.7914	-0.1381	0.4431	0.7384	0.1814	0.2496	0.6976	0.1882	1.3520	-0.0148	-0.0090	-0.0144	0.1313	0.0569	0.0352	4.5222	0.4911	0.7500	1.5933	2.3834	-0.2046	1.3585	2.3928	2.9149	1.2393	3.9744
0.0653	-0.0124	0.0518	-0.1903	-0.0357	-0.1560	0.0073	0.0121	0.1497	0.0652	0.2827	0.1125	0.0767	0.0860	0.2951	-0.0587	-0.0193	-0.0038	0.0067	-0.0128	-0.1470	-0.3077	-0.1229	0.1342	-0.1435	0.3422	0.0667	0.3274	0.0086	0.0433	0.0338	0.1120	-0.1748	0.0209	-0.2252	-0.0066	0.0302	0.0001	-0.0170	0.7816	0.0141	0.4164	0.2043	0.4410	-0.1256	0.3971	0.2069	0.4272	0.5026	0.0901	1.6965
0.0061	0.0255	-0.0123	-0.0730	0.1243	0.0416	-0.0008	0.1421	0.3327	0.4886	0.3607	0.7087	0.3766	0.4674	0.1706	-0.0095	0.0682	0.0295	0.0296	0.0322	0.4927	0.0628	0.3294	0.2903	0.1901	-0.0317	0.3706	0.2810	0.0303	0.0363	0.1696	0.1497	0.3398	0.0713	-0.0603	0.0009	0.0333	0.0539	0.0112	1.3536	0.3143	0.4198	0.5670	0.5932	0.1168	0.5423	0.8517	1.2461	0.4974	0.6029	0.1769	1.2932
0.0807	-0.0013	-0.1559	-0.3048	0.2025	0.1030	0.0102	0.3267	1.0427	0.6833	0.4521	0.9610	0.3347	0.8745	0.7352	0.0140	0.0819	0.1155	0.0832	0.0657	0.9164	0.2859	0.7622	0.6407	0.4828	0.0734	0.3606	1.5865	0.2272	0.2471	0.9626	0.4514	1.6518	0.1523	-0.1425	0.0313	0.1096	0.1135	0.0154	3.1733	0.2746	0.4612	0.9312	1.3385	-0.1164	1.1014	0.9016	1.0101	0.4267	0.7124	0.2579	0.2919	2.4766
0.0041	0.0040	-0.0253	0.0072	0.0570	0.0471	0.0034	0.0771	0.2778	0.2267	0.1672	0.2546	0.0916	0.2367	0.1138	-0.0631	0.0309	0.0421	0.0144	0.0086	0.1716	0.0773	0.0934	0.0762	0.0577	0.0035	0.0418	0.2261	0.0787	0.0469	0.1581	0.0620	0.3377	0.0439	0.0617	0.0148	0.0285	0.0296	0.0082	0.6287	0.0852	0.0800	0.2107	0.1876	-0.0168	0.1300	0.2542	0.2163	0.0935	0.1992	0.0200	0.0722	0.2998	0.2016
0.0141	-0.0087	-0.0383	-0.0357	0.0266	0.0366	-0.0072	0.0683	0.2267	0.1451	0.1506	0.2172	0.0834	0.1442	0.1300	-0.0497	0.0155	0.0228	-0.0106	-0.0107	0.1340	0.0960	0.2008	0.0497	0.1261	0.0046	0.0905	0.2062	0.0558	0.1081	0.1951	0.0536	0.2513	0.0010	-0.0351	-0.0030	0.0125	0.0041	0.0011	0.3649	0.0741	0.0549	0.0675	0.1202	-0.0538	0.1882	0.1396	0.1652	-0.0055	0.1691	0.0154	0.0381	0.3036	0.0637	0.2246
-0.0290	-0.0102	-0.1020	-0.1951	0.0948	0.0461	-0.0244	0.2913	1.0849	0.7422	0.3391	1.0279	0.4168	0.7397	0.4028	-0.0549	0.0332	0.0531	-0.0203	-0.0126	0.8908	0.2186	0.7023	0.3914	0.4908	0.0004	0.2329	1.0685	0.2004	0.1992	1.2206	0.3258	1.6184	0.1297	-0.0155	0.0100	0.0723	0.0545	0.0211	3.0100	0.2991	0.4543	0.7788	1.4036	-0.0747	0.6540	1.0387	0.9614	0.4325	0.9763	0.1825	0.3052	1.3596	0.2876	0.2309	2.5833
0.0293	-0.0315	-0.0112	0.0752	0.2208	0.1557	0.0186	0.0055	0.5911	0.4212	0.4617	0.4805	0.3008	0.5552	0.2976	-0.1054	0.0213	0.0391	0.0506	0.0212	0.4018	0.2105	0.2006	0.3780	0.0730	0.0280	0.0607	0.5232	0.0851	0.0835	0.3931	0.5517	0.8376	0.3125	0.1938	0.0559	0.1697	0.1626	0.0896	1.7539	0.0594	0.3088	0.4957	0.7622	-0.1755	0.3469	0.4892	0.3099	0.3532	0.1618	0.1295	0.0262	0.4761	0.0923	0.0880	0.3423	1.8050
0.0251	0.0247	-0.1539	0.5080	0.6441	0.8159	0.0235	0.8448	3.1505	2.0582	1.4484	3.0342	1.0852	2.5016	0.5582	-0.3154	0.2879	0.3749	0.1776	0.1350	2.2517	1.1740	1.5500	1.3127	1.1094	0.0117	0.4628	1.8008	0.4260	0.3787	1.7064	0.7626	4.7973	0.8239	1.1422	0.1246	0.4204	0.4103	0.1052	7.7719	0.9232	1.1179	2.6873	3.9990	0.0844	1.3502	2.9932	2.8300	1.2514	1.9030	-0.0006	0.6257	2.5459	0.6506	0.4139	3.0570	0.9249	9.9103
0.0115	0.0382	0.0489	0.6200	0.4943	0.6028	0.0357	0.0496	0.9721	0.2361	0.9658	0.5681	0.2117	0.7484	0.1420	-0.0624	0.1561	0.1753	0.0681	0.1897	0.9095	0.3434	0.2116	0.7898	0.3949	0.0153	0.0311	0.2417	0.0824	-0.0123	0.2138	0.1471	0.7871	0.8109	0.8339	0.1455	0.3959	0.3062	0.1463	1.5393	0.1376	0.2898	0.6998	1.3171	-0.0319	0.1072	1.2568	0.8125	0.9575	0.1774	0.0567	0.1026	0.1878	0.0390	-0.0012	0.2235	0.4228	1.1815	1.6734
-0.0532	0.0336	-0.0294	0.4536	0.6699	0.7326	0.0244	0.2602	1.8283	0.8750	1.4349	1.2246	0.7863	1.3872	0.3725	-0.2035	0.1516	0.1381	0.0480	0.1045	1.9564	0.9619	0.7938	1.3351	0.9089	0.0631	0.1247	0.9543	0.2400	0.0932	0.9072	0.3799	2.1661	1.0258	0.6650	0.1097	0.4259	0.3491	0.1493	4.3022	0.3048	0.5329	2.1262	2.9717	-0.2545	0.6745	3.0451	1.9149	1.7196	0.8486	0.0160	0.1524	1.0868	0.2406	0.1139	1.3780	0.6612	3.8620	1.8017	5.6119
-0.0018	-0.0016	0.0001	0.0369	0.0847	0.0724	0.0012	0.0133	0.1249	0.1079	0.0773	0.1369	0.0924	0.1173	0.0337	-0.0189	0.0140	0.0177	0.0052	0.0180	0.0933	0.0276	0.0587	0.0760	0.0303	0.0058	0.0097	0.0330	0.0145	0.0082	0.0211	0.0584	0.0994	0.0768	0.0771	0.0094	0.0397	0.0621	0.0483	0.1791	0.0708	0.0680	0.0892	0.1144	-0.0299	0.0273	0.0887	0.0511	0.0674	0.0534	-0.0124	0.0263	0.0306	0.0026	0.0045	0.0174	0.0955	0.1493	0.1119	0.1206	0.0718
0.0090	0.0132	0.0321	0.2185	0.1679	0.1924	0.0017	-0.0237	0.1799	0.0633	0.1637	0.0769	0.0381	0.1056	0.0418	-0.0442	0.0662	0.0801	0.0505	0.0734	0.2166	0.0819	-0.0258	0.1484	0.0427	-0.0026	-0.0140	0.0410	0.0359	0.0014	-0.0117	0.0741	0.2139	0.2563	0.3409	0.0653	0.1400	0.1426	0.1120	0.2541	0.0196	0.1103	0.0950	0.2897	-0.0339	0.0178	0.3077	0.1458	0.1563	0.0230	-0.0117	0.0062	0.0374	-0.0008	0.0076	0.0199	0.1930	0.2972	0.3431	0.2894	0.0611	0.4520
0.0060	-0.0045	0.0043	0.0715	0.0972	0.1120	0.0103	0.0177	0.0923	-0.0174	0.0263	0.0479	0.0034	0.0355	-0.0108	0.0165	0.0237	0.0397	0.0125	0.0228	0.0298	0.0495	0.0061	0.0263	0.0099	0.0061	-0.0117	0.0266	0.0080	0.0096	0.0115	0.1018	0.1053	0.1358	0.1357	0.0234	0.0284	0.0159	0.0182	0.0100	0.0046	0.0307	0.0380	0.0397	0.0105	-0.0206	0.0368	0.0253	0.0071	0.0209	0.0149	0.0218	0.0427	0.0079	0.0173	0.0375	0.0406	0.1370	0.0746	0.0439	0.0150	0.0471	0.1100
